8800
7042
9449
7353
9663
9448
9606
7531
8467
8802
8219
7409
7320
7011
7838
9355
9289
9205
7023
7703
7015
9650
9310
9311
8222
9354
9466
9401
7503
8860
9462
9315
7060
9220
9453
8383
9654
8920
8413
7310
8349
8588
8929
7375
9667
9410
8287
8865
8439
7678
8826
8565
8394
8076
7000
8288
9257
8685
8077
8700
9643
7988
8299
8178
8368
9259
9664
9675
7455
7290
9437
9435
9216
9637
8858
8448
7601
9434
9334
9443
9323
8042
8183
8023
8025
8265
9405
7122
7845
7624
7478
9423
9329
9425
9420
9428
9212
7292
9403
9374
9412
9431
9319
9382
9343
9422
8240
7317
7009
8770
9673
7256
7017
7001
7002
8310
7982
8870
9239
9386
8838
7070
7710
7869
7669
9418
8377
7068
9444
9312
9433
9464
9672
7030
7722
8805
7024
9326
8122
8424
9674
7389
9446
6838
9447
9619
9430
9480
8322
6512
9655
9620
7888
8809
7091
7979
8399
8606
9402
7010
9486
7034
8737
7008
9342
8660
8550
9440
9408
9304
9241
8150
8237
7588
9470
7033
9472
9490
9246
7032
8431
9686
7004
7090
9666
9100
9630
9469
7006
9419
7972
8209
7003
8477
9471
6304
8102
8210
8709
9441
8041
7630
9346
8142
8486
9442
6295
7038
7020
8140
9682
9618
7903
8853
9414
9609
8584
7889
6235
9225
8887
8755
8115
8125
8779
9358
7088
7983
8307
8075
7993
7985
8103
7828
8837
7308
8817
9301
7028
8528
9438
8763
9348
8885
6289
9487
9331
8617
7014
7744
9411
7357
8169
8883
8279
8876
8525
8639
8126
8918
6354
7022
8408
7597
8449
9457
6296
8919
8667
9488
7720
9622
9614
8806
8532
8507
7013
8072
8242
9416
8888
8432
7021
7899
8697
8301
9474
7319
8637
8897
9475
8895
7902
7894
7338
6361
9303
8884
9330
6204
9685
8182
7759
9644
7987
8348
8842
7794
7007
7026
9461
9450
8318
9651
7172
9483
9679
9632
9465
7350
7349
9616
7849
9697
9399
7999
9377
7314
9445
7232
9421
9495
7622
7837
9339
7073
9628
8582
6815
9300
8740
8857
6382
8172
8387
8386
8880
7184
7589
7990
8499
7304
9623
8949
8861
9273
9400
8811
8157
9415
7592
8672
9426
9645
9604
8384
8026
7714
8668
8819
9687
8758
7552
8872
8638
9429
9427
8866
8319
7566
9601
8787
9611
7749
9250
9266
7898
9333
9344
9347
7212
8855
9476
9404
8121
9341
8214
7050
9336
7772
7076
8257
7261
8312
9678
7554
8509
9332
8105
9468
9602
7791
7820
9627
9417
6842
8161
7294
7925
9460
7453
9690
8491
9670
7162
7762
6532
9204
7966
7922
9364
8139
8457
9491
8814
8249
8736
7186
9641
7019
7755
6254
7800
7671
8810
9207
8825
7887
8138
7559
8878
9406
7776
9228
8877
7780
9227
8789
7501
8029
7793
9338
9324
7508
9407
8530
9322
9218
9370
8378
9657
9325
7387
9226
8355
7575
7796
8459
7507
8643
9381
8111
8590
9387
7510
9633
8886
9391
8946
8707
8400
7458
9335
7905
9653
9463
8558
8803
9254
9215
8296
9230
8777
7980
9209
9439
8271
9436
7692
7272
9424
9203
7492
9302
7782
7882
7819
7752
9617
7774
8292
7260
8135
8798
7558
9360
9345
7358
6379
9626
8281
6261
9634
6364
9223
9350
6203
8374
6392
9314
8942
6003
8286
9264
9629
7204
9492
9379
8778
9236
7851
9689
9375
9409
9308
9234
8340
9473
9610
9413
9366
6290
6363
9270
9451
8474
8402
9224
8396
8610
9691
9229
8871
8598
9677
9454
9665
8373
9668
8133
7048
9384
8893
7051
7879
8767
7904
6396
8746
8300
9694
7055
8586
7550
7363
7995
7625
9494
8317
7557
8134
8670
7540
7635
9688
9647
8807
8540
7306
7080
9452
8145
7711
8548
9482
7866
6901
9659
7909
7257
8840
8808
8851
8073
9372
8460
8500
9635
8879
7745
9371
9676
8344
8816
8200
7079
9497
8547
8492
9388
9636
8401
8156
8827
9432
8788
8371
9481
9200
7741
9613
8889
8768
8762
9397
9621
8892
8422
7471
9392
9351
8721
9693
8780
8306
7504
9213
8963
8141
9376
8308
9373
8120
8116
8302
8605
9608
8696
8171
8589
8552
9214
9395
9252
8502
8277
9656
7083
7029
7766
9232
9631
7859
8676
9456
9291
8867
8435
7773
8898
9600
9380
8129
9349
9496
9652
9393
8574
7505
7500
9235
9646
8910
7063
9233
9337
8757
7354
9669
8518
7817
9313
8294
8541
6200
7562
8759
7384
7687
8250
8409
7717
9321
8828
6376
8108
9320
8291
8369
8850
8425
7900
7715
8669
9699
8454
7303
7087
8592
7393
8873
8849
7527
7577
8472
8839
7509
9639
7351
9368
8218
9357
8556
9356
8360
9695
9455
9307
9219
8273
8881
8191
7078
7830
8536
7330
7569
9692
9642
7066
7447
9242
6360
8197
8290
8822
8238
8462
7746
8679
6230
8894
8278
8627
9625
7018
8450
9394
9649
6294
7872
7718
7012
9605
6393
8527
8423
8601
8795
7549
8328
7870
9638
8847
7973
7355
8591
7707
8896
7897
7850
9696
7408
6306
7522
6388
8175
7619
7309
8756
9648
7839
9253
8604
8932
8708
9459
6280
7288
8275
8309
8891
8289
6282
8593
7790
9680
9251
8104
8118
7747
7587
8726
8224
7400
7750
7381
7077
6370
7786
7688
7044
8335
7890
8583
9231
6291
8479
7596
8334
8820
7757
8208
7057
8657
6531
8151
6362
8239
7337
6000
9493
7280
9681
8260
9658
6371
8339
9479
8521
8917
8117
8337
9222
7324
7321
8678
7461
6005
7895
7984
7868
9255
7404
9671
8329
6309
7069
8531
9489
8545
7388
7844
7378
8687
8765
7392
6239
8187
7025
6266
7831
8628
9383
8248
7636
7896
7099
9365
7005
7663
8453
6900
8812
9390
8221
6001
6002
7086
7220
9352
8875
9660
6350
8426
7728
8607
7891
9263
7054
6394
8385
7690
9238
7606
9206
8359
9279
6201
8235
7283
7567
7146
7573
7383
9327
8716
8494
8107
8830
8198
8764
9309
8619
8560
8561
7610
8559
7877
8233
8181
7062
7568
8562
8947
8571
6372
7206
9340
6260
7643
9245
8602
9485
8458
9362
8731
7085
8179
9290
7675
8106
7981
9247
7075
8801
9396
8501
9603
8364
9316
7407
8100
7686
8512
8609
8159
7950
8684
7765
7892
8618
9359
8650
8393
7704
6386
8630
7300
8332
8199
7807
8899
8642
8346
7089
8761
8723
8256
8473
9612
7670
8882
7065
9458
7037
8506
8285
7053
7599
9210
9640
8519
8681
7348
7210
7860
8575
8934
7318
6387
7618
7525
9260
8563
8505
8376
7323
7481
7743
7787
8744
7367
7218
7286
9467
9478
8585
6397
9615
8730
7397
8496
9661
7052
8937
6395
7534
6398
6399
7043
7829
8305
7254
7873
8293
8944
8343
9363
6381
7094
7725
9353
6281
7517
7058
9398
8428
7810
7871
7991
8379
7347
9217
8264
7947
8475
8752
8597
7267
9286
7064
8456
7098
7584
6265
8821
8818
8720
7093
9243
8180
7656
7328
8338
7788
8480
7748
7724
8815
8168
7219
9269
8854
7975
7986
6353
8862
8022
8792
6366
8578
8298
7545
8546
8404
8079
9305
8577
7705
8176
7576
7441
7537
8653
8388
8167
8040
8549
8497
8443
7770
7706
7840
7646
6205
8347
8283
8725
7878
8284
7814
6284
6283
8551
7775
9272
8829
7456
6812
8170
9249
8493
8132
9271
8482
9662
9624
8160
8511
7874
9275
8320
7486
7046
8487
7016
7802
9328
8490
8410
6909
8415
8464
7045
7082
7719
8655
8553
8137
8523
8566
7827
7027
9306
7528
7826
8570
8452
9369
8444
9104
7385
6355
8336
8799
8236
7767
7835
8569
9258
7771
7842
6351
7834
7291
7862
8544
8441
8674
7339
8297
7560
8380
8623
7721
6375
8398
7468
6380
8433
6238
9248
6202
6302
7380
8440
8193
7570
7777
8595
8824
8468
7917
7506
7764
7227
9389
8483
8074
7875
7341
7433
9297
8484
9284
7730
9477
7876
6738
9607
8941
7406
9278
8948
7824
9287
7182
6802
7242
8046
6712
6122
7312
7893
8113
7059
8333
7410
7685
7674
8495
7585
6913
8341
8922
8101
7857
7258
7561
7071
7593
8581
7594
8196
7490
7823
9385
8733
7234
7680
8194
7340
6006
8177
8510
7579
6369
7081
8691
7726
8794
8217
7031
7518
7781
8173
8629
7270
8868
9221
7637
8848
8033
9211
7295
8143
8743
7617
7535
8153
7448
7768
9317
8741
8874
7273
7470
7282
8890
7867
8734
8945
8859
8732
8690
8579
8539
8537
8529
8488
8485
8478
8463
8442
8434
8391
8375
8350
8345
8303
8276
8274
8207
8158
8119
8114
7881
7865
7864
7821
7812
7811
7808
8280
9256
8753
8735
8557
8231
8936
8622
8370
8272
7763
7727
7701
7695
7684
7652
7628
7627
7609
7605
7595
7586
7578
7548
7543
7536
7487
7484
7459
7432
7427
7369
7368
7365
7364
7325
7302
7253
7247
7211
7074
7067
7061
7049
7047
7041
6389
6383
6378
6367
6359
6297
6269
6267
6264
6263
6206
6009
7431
7187
6541
6191
6183
7783
7644
7450
7583
7096
7479
7477
9698
9684
9683
9499
9498
9484
9378
9367
9361
9318
9296
9294
9276
9274
9268
9267
9265
9262
9261
9244
9237
9292
9285
9283
9282
9277
9240
9281
9298
9295
9202
9201
8935
8964
8938
8931
8933
8912
8911
8863
8852
8869
8856
8823
8845
8843
8831
8864
8813
8804
8785
8782
8775
8774
8751
8749
8747
8729
8719
8718
8712
8710
8760
8748
8745
8738
8728
8727
8724
8717
8739
8706
8742
8689
8683
8677
8649
8693
8692
8682
8648
8647
8694
8673
8665
8664
8662
8659
8675
8680
8625
8621
8620
8646
8641
8640
8624
8645
8635
8634
8632
8626
8608
8594
8587
8599
8596
8616
8615
8614
8580
8555
8538
8535
8524
8517
8515
8514
8513
8572
8568
8567
8554
8534
8533
8522
8520
8516
8573
8576
8542
8504
8503
8481
8469
8498
8476
8471
8470
8466
8465
8461
8455
8451
8429
8430
8419
8418
8416
8414
8405
8397
8392
8389
8372
8417
8412
8411
8407
8403
8382
8381
8367
8358
8356
8352
8342
8357
8354
8353
8366
8363
8362
8330
8327
8304
8331
8326
8325
8282
8270
8259
8258
8252
8251
8266
8263
8262
8255
8254
8253
8267
8247
8246
8245
8232
8234
8230
8229
8228
8226
8225
8223
8188
8185
8195
8190
8189
8186
8184
8174
8204
8203
8201
8155
8136
8131
8112
8110
8152
8154
8078
8070
8071
8069
8068
8067
8062
8049
8048
8047
8045
8035
8032
8030
7971
7963
7960
7953
7949
7948
7945
7942
7939
7930
7918
7901
7880
7885
7884
7863
7861
7858
7856
7855
7854
7853
7852
7848
7847
7846
7841
7836
7822
7818
7816
7815
7813
7809
7806
7805
7804
7803
7801
7833
7825
7843
7832
7792
7789
7785
7784
7779
7778
7769
7761
7758
7756
7753
7751
7740
7734
7733
7729
7723
7700
7694
7693
7689
7683
7713
7732
7754
7691
7682
7681
7672
7664
7662
7661
7660
7658
7653
7651
7649
7648
7647
7642
7640
7638
7634
7633
7632
7629
7626
7623
7608
7604
7603
7598
7659
7645
7641
7621
7581
7580
7574
7572
7571
7565
7564
7563
7551
7547
7546
7544
7542
7541
7539
7538
7533
7526
7523
7520
7519
7529
7530
7532
7582
7496
7494
7493
7485
7482
7480
7491
7469
7467
7466
7464
7463
7462
7457
7454
7452
7451
7449
7440
7472
7446
7443
7474
7437
7436
7435
7430
7426
7425
7420
7414
7412
7403
7402
7401
7395
7390
7438
7413
7391
7394
7424
7362
7361
7360
7359
7356
7352
7327
7326
7322
7311
7305
7301
7297
7296
7289
7287
7382
7374
7372
7371
7366
7336
7335
7334
7333
7329
7315
7313
7370
7284
7331
7281
7277
7274
7269
7268
7266
7265
7264
7262
7255
7252
7249
7248
7240
7239
7238
7233
7231
7229
7228
7226
7224
7223
7222
7217
7207
7201
7095
7092
7084
7251
7230
7225
7197
7196
7179
7166
7165
7136
7134
7133
7126
7263
7097
7237
7193
7235
7056
7040
7039
7036
7035
6391
6390
6385
6377
6374
6358
6357
6356
6352
6307
6305
6303
6301
6300
6299
6993
6982
6971
6903
6899
6898
6897
6896
6895
6894
6892
6891
6890
6879
6878
6872
6871
6865
6848
6822
6817
6805
6797
6789
6777
6770
6764
6763
6756
6749
6742
6732
6700
6692
6686
6685
6672
6666
6655
6654
6644
6641
6622
6612
6599
6598
6597
6596
6595
6594
6593
6592
6591
6590
6589
6587
6585
6584
6583
6582
6581
6578
6577
6572
6571
6570
6569
6568
6567
6566
6565
6564
6562
6560
6559
6558
6557
6556
6555
6554
6552
6551
6550
6548
6547
6546
6545
6544
6543
6542
6540
6539
6538
6536
6535
6534
6533
6530
6525
6510
6509
6507
6506
6505
6504
6503
6502
6501
6500
6498
6490
6479
6476
6474
6469
6467
6464
6454
6450
6431
6414
6408
6346
6337
6325
6323
6321
6317
6313
6298
6384
6293
6292
6287
6268
6262
6232
6209
6207
6033
6026
6286
6279
6278
6277
6259
6256
6250
6246
6240
6219
6196
6195
6165
6156
6127
6124
6123
6103
6090
6087
6072
6030
6576
9293
8914
8784
8713
8711
8671
8654
8543
8526
8564
8395
8351
8314
8243
8206
8165
8066
8064
8061
8037
7961
7934
7931
7914
7883
7673
7657
7521
7465
7476
7475
7316
7203
7202
7178
7168
7164
7158
6874
6786
6785
6774
6759
6677
6623
6609
6580
6573
6553
6549
6508
6463
6365
6324
6308
6271
6257
6245
6236
6190
6189
6162
6027
7442
7910
6311
7279
7611
8192
7421
7221
7114
7502
8836
7495
6093
7932
7241
7497
7434
9208
7615
7215
8702
8261
5048
8211
7173
9299
8508
8166
8656
5100
7951
5853
7524
7142
5070
5812
7151
8644
8705
7591
8065
5847
7935
6988
6339
6701
7958
7460
8715
4221
5626
1242
2179
6092
8241
4964
6954
6978
8612
6368
5212
6318
2012
4664
4126
2155
8043
7731
7236
7514
5297
6148
2398
2133
1559
5012
6699
4273
1475
0951
1553
4163
0825
6047
0037
5163
1566
6920
5164
7285
1431
2144
0992
2405
3710
5558
0981
2266
5256
1433
1478
0000
4742
1517
1412
5111
2223
5290
5521
2320
7921
4238
1982
6707
1146
5375
3838
4274
4593
1502
2146
5537
4843
0450
1551
1294
4211
2488
2345
1435
1841
4311
1402
8915
7423
1554
4083
0611
1722
6338
5409
1234
3769
6096
2222
1450
4428
2232
4073
7943
6094
1140
8321
1725
6043
6044
6046
6048
6060
6099
6102
6109
6128
6137
6138
6143
6144
6172
6174
6186
6314
6319
6462
6465
6472
6473
6475
6478
6513
6613
6614
6633
6684
6708
6727
6782
6784
6787
6811
6820
6880
6906
6907
6916
6969
7111
7115
7143
7144
7145
7150
7155
7167
7174
7185
7342
7344
7345
7346
7271
7511
7590
7650
7886
7912
7946
7956
7965
8024
8028
8034
8039
8315
8631
8663
8771
8772
8913
9280
9288

4065
4540
5988
1123
4596
3922
1117
1257
0874
5632
1803
1808
3228
0213
1074
5310
6652
0560
2508
2015
6421
1231
7138
1005
1228
6011
5046
5977
7422
1809
5041
0026
7102
2684
4344
3193
8060
5698
4088
0158
6145
1122
8833
7104
6632
6455
7612
1003
8216
5884
6049
6575
6980
6670
6253
8215
5965
7962
6650
6225
7198
7103
6605
6445
7106
1960
196E
1959
1964
1963
1962
1961
1958
1957
1956
1955
1954
1953
1952
1951
1950
195E
1949
1948
1947
1943
1946
1945
1944
1942
1941
1940
194E
1939
1938
1937
1936
1935
1934
1933
1923
1932
1931
1930
193E
1929
1928
1927
1926
1925
1924
1922
1921
1920
192E
1919
1918
1917
1916
1915
1914
1913
1912
1910
191E
1909
1911
1908
1907
1906
1905
1903
1904
1900
1902
1901
19E+
1899
1898
1897
1896
1894
1893
1892
1891
1895
1890
189E
1889
1888
1887
1886
1885
1884
1883
1882
1878
1877
1881
1880
188E
1879
1869
1868
1867
1876
1875
1874
1873
1872
1871
1870
187E
1861
1866
1865
1864
1863
1862
1860
186E
1859
1858
1857
1856
1855
1854
1853
1850
185E
1849
1848
1847
1846
1845
1844
1843
1842
1852
1851
1837
1836
1835
1834
1840
184E
1839
1838
1833
1832
1831
1830
183E
1829
1828
1827
1826
1825
1824
1823
6031
6177
6222
7147
6953
7911
7924
7954
8213
6098
20E+
18E+
17E+
16E+
1814
1972
1999
1805
1798
1743
1981
1991
1990
1797
1992
1800
1708
1783
1971
1786
1741
1989
1787
1988
1701
1975
1997
1816
1702
1976
1720
1781
1819
1806
1822
1983
1778
1812
1729
1986
1969
1985
1759
1993
1730
1740
1967
1987
1996
1735
1777
1773
1789
1738
1790
1737
1770
1821
1639
1700
1820
1750
1637
1771
1727
1979
1731
1768
1817
1757
1600
1705
1973
1815
1977
1745
2E+1
1785
1749
1707
1998
1970
1709
1788
1753
1739
1980
1966
1995
175E
1807
179E
1782
1965
1703
1767
1706
182E
1724
176E
1763
174E
1968
1721
1638
1776
1766
1799
164E
1801
1762
1772
1775
1779
1761
1755
1813
1620
1734
1723
1733
1811
1704
1774
1629
1752
1984
1726
1784
1810
1630
1758
199E
1769
1760
1728
1742
1756
1635
1736
1748
1974
1780
1626
1978
1994
1746
177E
173E
1744
1636
181E
178E
1694
1795
1710
1628
1623
1751
198E
6939
7108
6790
8786
6288
7933
6951
8020
6039
6793
6997
6855
6316
6804
7955
6857
6695
6063
6373
8205
6024
6415
6050
7110
8704
6007
8202
8311
8044
6998
7117
6051
7072
1765
171E
1624
1792
1690
1818
1747
197E
1754
1732
1679
1634
1699
1718
1663
1546
1691
1802
1804
1621
1791
169E
1794
1793
1715
1631
7920
6008
6799
6343
5540
6994
7188
6637
5460
7556
7614
8324
6995
7157
8783
7176
6461
8313
7130
8773
6778
6606
7716
6617
6080
6062
6315
6888
6826
6979
5195
7952
8212
8316
6425
7915
6248
6422
6273
8781
6877
6902
7175
6025
6210
6676
7967
6406
6875
7216
7940
6783
7444
6667
5995
6345
5136
6231
5769
5433
6803
6987
6341
6247
6963
8844
6430
5265
7957
6404
6326
7555
6959
6930
7923
7100
8846
8611
7515
6066
6004
6070
8841
6091
6217
8701
6607
6867
7919
6905
6061
6680
5825
6970
6828
6852
5743
8835
5350
6106
7332
6991
7214
8162
6234
6937
6977
6990
6710
8063
6126
6615
8365
8666
7105
7107
7245
7170
6477
5815
5451
8636
5723
5515
6860
6141
5805
5860
6950
6662
7445
5669
163E
162E
1696
1616
1669
1698
1601
1661
6967
6167
6691
6984
8834
6529
7343
7191
7512
6336
7169
6651
6636
6258
5960
8703
7712
5053
6996
6285
5302
5987
5408
6619
6833
5186
5560
5750
8832
5868
6155
6851
5661
5806
7135
5696
7148
6015
5969
6018
6986
8776
7139
6561
6157
6934
5827
6211
5499
8027
5555
7964
7916
5606
6163
6178
7132
6483
7513
5749
6173
6886
6014
5888
6164
8633
6139
7140
5976
7616
2487
5808
6919
6610
6310
5829
6876
8031
5307
5379
6618
5206
5416
5151
6717
6928
6800
6620
6089
6194
5757
7119
5258
6187
5874
5882
6992
5872
7131
6213
6921
6216
5879
6329
6915
6233
5376
8661
5713
6192
8361
5832
6417
6184
6627
5205
7112
6721
5528
6922
0501
4338
0507
1541
1506
1111
6019
7123
4720
6444
4501
4444
4740
3333
8021
6212
8163
6226
6611
6208
7613
7101
6818
6511
6640
6949
8613
2000